3.000000000000000000e+00 2.982889722747620986e+00 2.931851652578136402e+00 2.847759065022573477e+00 2.732050807568877637e+00 2.586706680582470330e+00 2.414213562373094923e+00 2.217522858017441312e+00 2.000000000000000000e+00 1.765366864730179675e+00 1.517638090205041479e+00 1.261052384440103369e+00 1.000000000000000222e+00 7.389476155598968532e-01 4.823619097949587431e-01 2.346331352698209916e-01 4.440892098500626162e-16 -2.175228580174413118e-01 -4.142135623730949234e-01 -5.867066805824701081e-01 -7.320508075688774152e-01 -8.477590650225734770e-01 -9.318516525781364024e-01 -9.828897227476207643e-01 -1.000000000000000000e+00
2.982889722747620986e+00 2.965925826289068201e+00 2.915324393885097010e+00 2.831951230073507020e+00 2.717232872802521904e+00 2.573132184970986280e+00 2.402114769299955821e+00 2.207106781186547462e+00 1.991444861373810493e+00 1.758819045102520739e+00 1.513209624585141189e+00 1.258819045102520962e+00 1.000000000000000222e+00 7.411809548974792605e-01 4.867903754148589224e-01 2.411809548974798156e-01 8.555138626190061935e-03 -2.071067811865474617e-01 -4.021147692999555989e-01 -5.731321849709858363e-01 -7.172328728025219036e-01 -8.319512300735067978e-01 -9.153243938850970096e-01 -9.659258262890682012e-01 -9.828897227476207643e-01
2.931851652578136402e+00 2.915324393885097010e+00 2.866025403784438819e+00 2.784798201665045880e+00 2.673032607475615663e+00 2.532640961520007394e+00 2.366025403784438819e+00 2.176036772656325002e+00 1.965925826289068645e+00 1.739287621228772451e+00 1.500000000000000000e+00 1.252157240145038486e+00 1.000000000000000222e+00 7.478427598549617361e-01 5.000000000000002220e-01 2.607123787712282148e-01 3.407417371093213188e-02 -1.760367726563250024e-01 -3.660254037844385966e-01 -5.326409615200071723e-01 -6.730326074756158850e-01 -7.847982016650456583e-01 -8.660254037844385966e-01 -9.153243938850972317e-01 -9.318516525781366244e-01
2.847759065022573477e+00 2.831951230073507020e+00 2.784798201665045880e+00 2.707106781186547462e+00 2.600206290382531371e+00 2.465925826289068201e+00 2.306562964876376576e+00 2.124844448886959114e+00 1.923879532511286961e+00 1.707106781186547684e+00 1.478235236788668860e+00 1.241180954897479483e+00 1.000000000000000222e+00 7.588190451025207395e-01 5.217647632113311396e-01 2.928932188134529824e-01 7.612046748871370561e-02 -1.248444488869593361e-01 -3.065629648763763537e-01 -4.659258262890679791e-01 -6.002062903825311491e-01 -7.071067811865474617e-01 -7.847982016650454362e-01 -8.319512300735067978e-01 -8.477590650225734770e-01
2.732050807568877637e+00 2.717232872802521904e+00 2.673032607475615663e+00 2.600206290382531371e+00 2.500000000000000000e+00 2.374128293738900553e+00 2.224744871391589385e+00 2.054405724731338534e+00 1.866025403784438819e+00 1.662827148071183814e+00 1.448287736084026722e+00 1.226077996643631041e+00 1.000000000000000000e+00 7.739220033563690704e-01 5.517122639159734998e-01 3.371728519288168524e-01 1.339745962155616255e-01 -5.440572473133853393e-02 -2.247448713915889407e-01 -3.741282937389001084e-01 -5.000000000000002220e-01 -6.002062903825311491e-01 -6.730326074756158850e-01 -7.172328728025219036e-01 -7.320508075688774152e-01
2.586706680582470330e+00 2.573132184970986280e+00 2.532640961520007394e+00 2.465925826289068201e+00 2.374128293738900553e+00 2.258819045102520739e+00 2.121971053593862067e+00 1.965925826289068201e+00 1.793353340291235387e+00 1.607206358681918079e+00 1.410669907926145328e+00 1.207106781186547684e+00 1.000000000000000000e+00 7.928932188134524273e-01 5.893300920738548943e-01 3.927936413180825870e-01 2.066466597087651680e-01 3.407417371093168779e-02 -1.219710535938618445e-01 -2.588190451025205174e-01 -3.741282937389003305e-01 -4.659258262890682012e-01 -5.326409615200071723e-01 -5.731321849709860583e-01 -5.867066805824703302e-01
2.414213562373094923e+00 2.402114769299955821e+00 2.366025403784438819e+00 2.306562964876376576e+00 2.224744871391589385e+00 2.121971053593862067e+00 2.000000000000000000e+00 1.860918669153758920e+00 1.707106781186547684e+00 1.541196100146197123e+00 1.366025403784438597e+00 1.184591911282514731e+00 1.000000000000000000e+00 8.154080887174854908e-01 6.339745962155615144e-01 4.588038998538033209e-01 2.928932188134527603e-01 1.390813308462410802e-01 0.000000000000000000e+00 -1.219710535938618445e-01 -2.247448713915891627e-01 -3.065629648763765758e-01 -3.660254037844385966e-01 -4.021147692999558210e-01 -4.142135623730951455e-01
2.217522858017441312e+00 2.207106781186547462e+00 2.176036772656325002e+00 2.124844448886959114e+00 2.054405724731338534e+00 1.965925826289068201e+00 1.860918669153758920e+00 1.741180954897479261e+00 1.608761429008720878e+00 1.465925826289068423e+00 1.315118103502566083e+00 1.158918622597891357e+00 1.000000000000000000e+00 8.410813774021088651e-01 6.848818964974340284e-01 5.340741737109320209e-01 3.912385709912795662e-01 2.588190451025207395e-01 1.390813308462411912e-01 3.407417371093179881e-02 -5.440572473133853393e-02 -1.248444488869593361e-01 -1.760367726563247803e-01 -2.071067811865474617e-01 -2.175228580174413118e-01
2.000000000000000000e+00 1.991444861373810493e+00 1.965925826289068645e+00 1.923879532511286961e+00 1.866025403784438819e+00 1.793353340291235387e+00 1.707106781186547684e+00 1.608761429008720878e+00 1.500000000000000222e+00 1.382683432365090059e+00 1.258819045102520739e+00 1.130526192220051795e+00 1.000000000000000000e+00 8.694738077799484266e-01 7.411809548974792605e-01 6.173165676349103848e-01 5.000000000000001110e-01 3.912385709912792331e-01 2.928932188134524273e-01 2.066466597087647239e-01 1.339745962155610703e-01 7.612046748871303947e-02 3.407417371093157676e-02 8.555138626189395801e-03 -2.220446049250313081e-16
1.765366864730179675e+00 1.758819045102520739e+00 1.739287621228772451e+00 1.707106781186547684e+00 1.662827148071183814e+00 1.607206358681918079e+00 1.541196100146197123e+00 1.465925826289068423e+00 1.382683432365090059e+00 1.292893218813452538e+00 1.198091521082575328e+00 1.099900422504629827e+00 1.000000000000000000e+00 9.000995774953703954e-01 8.019084789174247829e-01 7.071067811865476838e-01 6.173165676349103848e-01 5.340741737109315768e-01 4.588038998538029878e-01 3.927936413180821429e-01 3.371728519288162973e-01 2.928932188134523162e-01 2.607123787712276597e-01 2.411809548974791495e-01 2.346331352698203254e-01
1.517638090205041479e+00 1.513209624585141189e+00 1.500000000000000000e+00 1.478235236788668860e+00 1.448287736084026722e+00 1.410669907926145328e+00 1.366025403784438597e+00 1.315118103502566083e+00 1.258819045102520739e+00 1.198091521082575328e+00 1.133974596215561403e+00 1.067565328862523755e+00 1.000000000000000000e+00 9.324346711374763563e-01 8.660254037844387076e-01 8.019084789174248940e-01 7.411809548974793715e-01 6.848818964974339174e-01 6.339745962155614034e-01 5.893300920738546722e-01 5.517122639159732778e-01 5.217647632113310285e-01 5.000000000000001110e-01 4.867903754148587003e-01 4.823619097949585210e-01
1.261052384440103369e+00 1.258819045102520962e+00 1.252157240145038486e+00 1.241180954897479483e+00 1.226077996643631041e+00 1.207106781186547684e+00 1.184591911282514731e+00 1.158918622597891357e+00 1.130526192220051795e+00 1.099900422504629827e+00 1.067565328862523755e+00 1.034074173710931799e+00 1.000000000000000000e+00 9.659258262890682012e-01 9.324346711374763563e-01 9.000995774953703954e-01 8.694738077799483156e-01 8.410813774021087541e-01 8.154080887174852688e-01 7.928932188134523162e-01 7.739220033563689594e-01 7.588190451025205174e-01 7.478427598549616251e-01 7.411809548974790385e-01 7.389476155598966312e-01
1.000000000000000222e+00 1.000000000000000222e+00 1.000000000000000222e+00 1.000000000000000222e+00 1.000000000000000000e+00 1.000000000000000000e+00 1.000000000000000000e+00 1.000000000000000000e+00 1.000000000000000000e+00 1.000000000000000000e+00 1.000000000000000000e+00 1.000000000000000000e+00 1.000000000000000000e+00 1.000000000000000000e+00 1.000000000000000000e+00 1.000000000000000000e+00 9.999999999999998890e-01 9.999999999999998890e-01 9.999999999999998890e-01 9.999999999999998890e-01 9.999999999999998890e-01 9.999999999999998890e-01 9.999999999999998890e-01 9.999999999999998890e-01 9.999999999999998890e-01
7.389476155598968532e-01 7.411809548974792605e-01 7.478427598549617361e-01 7.588190451025207395e-01 7.739220033563690704e-01 7.928932188134524273e-01 8.154080887174854908e-01 8.410813774021088651e-01 8.694738077799484266e-01 9.000995774953703954e-01 9.324346711374763563e-01 9.659258262890682012e-01 1.000000000000000000e+00 1.034074173710931799e+00 1.067565328862523533e+00 1.099900422504629605e+00 1.130526192220051573e+00 1.158918622597891135e+00 1.184591911282514509e+00 1.207106781186547462e+00 1.226077996643630819e+00 1.241180954897479261e+00 1.252157240145038042e+00 1.258819045102520739e+00 1.261052384440103147e+00
4.823619097949587431e-01 4.867903754148589224e-01 5.000000000000002220e-01 5.217647632113311396e-01 5.517122639159734998e-01 5.893300920738548943e-01 6.339745962155615144e-01 6.848818964974340284e-01 7.411809548974792605e-01 8.019084789174247829e-01 8.660254037844387076e-01 9.324346711374763563e-01 1.000000000000000000e+00 1.067565328862523533e+00 1.133974596215561181e+00 1.198091521082575106e+00 1.258819045102520517e+00 1.315118103502566083e+00 1.366025403784438375e+00 1.410669907926145106e+00 1.448287736084026500e+00 1.478235236788668860e+00 1.499999999999999778e+00 1.513209624585141189e+00 1.517638090205041257e+00
2.346331352698209916e-01 2.411809548974798156e-01 2.607123787712282148e-01 2.928932188134529824e-01 3.371728519288168524e-01 3.927936413180825870e-01 4.588038998538033209e-01 5.340741737109320209e-01 6.173165676349103848e-01 7.071067811865476838e-01 8.019084789174248940e-01 9.000995774953703954e-01 1.000000000000000000e+00 1.099900422504629605e+00 1.198091521082575106e+00 1.292893218813452094e+00 1.382683432365089393e+00 1.465925826289067979e+00 1.541196100146196457e+00 1.607206358681917413e+00 1.662827148071183148e+00 1.707106781186547018e+00 1.739287621228771563e+00 1.758819045102520295e+00 1.765366864730179008e+00
4.440892098500626162e-16 8.555138626190061935e-03 3.407417371093213188e-02 7.612046748871370561e-02 1.339745962155616255e-01 2.066466597087651680e-01 2.928932188134527603e-01 3.912385709912795662e-01 5.000000000000001110e-01 6.173165676349103848e-01 7.411809548974793715e-01 8.694738077799483156e-01 9.999999999999998890e-01 1.130526192220051573e+00 1.258819045102520517e+00 1.382683432365089393e+00 1.499999999999999556e+00 1.608761429008720434e+00 1.707106781186547018e+00 1.793353340291234721e+00 1.866025403784438375e+00 1.923879532511286294e+00 1.965925826289067757e+00 1.991444861373810049e+00 1.999999999999999556e+00
-2.175228580174413118e-01 -2.071067811865474617e-01 -1.760367726563250024e-01 -1.248444488869593361e-01 -5.440572473133853393e-02 3.407417371093168779e-02 1.390813308462410802e-01 2.588190451025207395e-01 3.912385709912792331e-01 5.340741737109315768e-01 6.848818964974339174e-01 8.410813774021087541e-01 9.999999999999998890e-01 1.158918622597891135e+00 1.315118103502566083e+00 1.465925826289067979e+00 1.608761429008720434e+00 1.741180954897479261e+00 1.860918669153758920e+00 1.965925826289068201e+00 2.054405724731338534e+00 2.124844448886959114e+00 2.176036772656324558e+00 2.207106781186547462e+00 2.217522858017441312e+00
-4.142135623730949234e-01 -4.021147692999555989e-01 -3.660254037844385966e-01 -3.065629648763763537e-01 -2.247448713915889407e-01 -1.219710535938618445e-01 0.000000000000000000e+00 1.390813308462411912e-01 2.928932188134524273e-01 4.588038998538029878e-01 6.339745962155614034e-01 8.154080887174852688e-01 9.999999999999998890e-01 1.184591911282514509e+00 1.366025403784438375e+00 1.541196100146196457e+00 1.707106781186547018e+00 1.860918669153758920e+00 1.999999999999999778e+00 2.121971053593862067e+00 2.224744871391588941e+00 2.306562964876376576e+00 2.366025403784438375e+00 2.402114769299955377e+00 2.414213562373094923e+00
-5.867066805824701081e-01 -5.731321849709858363e-01 -5.326409615200071723e-01 -4.659258262890679791e-01 -3.741282937389001084e-01 -2.588190451025205174e-01 -1.219710535938618445e-01 3.407417371093179881e-02 2.066466597087647239e-01 3.927936413180821429e-01 5.893300920738546722e-01 7.928932188134523162e-01 9.999999999999998890e-01 1.207106781186547462e+00 1.410669907926145106e+00 1.607206358681917413e+00 1.793353340291234721e+00 1.965925826289068201e+00 2.121971053593862067e+00 2.258819045102520739e+00 2.374128293738900108e+00 2.465925826289067757e+00 2.532640961520006950e+00 2.573132184970985836e+00 2.586706680582469886e+00
-7.320508075688774152e-01 -7.172328728025219036e-01 -6.730326074756158850e-01 -6.002062903825311491e-01 -5.000000000000002220e-01 -3.741282937389003305e-01 -2.247448713915891627e-01 -5.440572473133853393e-02 1.339745962155610703e-01 3.371728519288162973e-01 5.517122639159732778e-01 7.739220033563689594e-01 9.999999999999998890e-01 1.226077996643630819e+00 1.448287736084026500e+00 1.662827148071183148e+00 1.866025403784438375e+00 2.054405724731338534e+00 2.224744871391588941e+00 2.374128293738900108e+00 2.500000000000000000e+00 2.600206290382531371e+00 2.673032607475615663e+00 2.717232872802521904e+00 2.732050807568877637e+00
-8.477590650225734770e-01 -8.319512300735067978e-01 -7.847982016650456583e-01 -7.071067811865474617e-01 -6.002062903825311491e-01 -4.659258262890682012e-01 -3.065629648763765758e-01 -1.248444488869593361e-01 7.612046748871303947e-02 2.928932188134523162e-01 5.217647632113310285e-01 7.588190451025205174e-01 9.999999999999998890e-01 1.241180954897479261e+00 1.478235236788668860e+00 1.707106781186547018e+00 1.923879532511286294e+00 2.124844448886959114e+00 2.306562964876376576e+00 2.465925826289067757e+00 2.600206290382531371e+00 2.707106781186547462e+00 2.784798201665045436e+00 2.831951230073507020e+00 2.847759065022573477e+00
-9.318516525781364024e-01 -9.153243938850970096e-01 -8.660254037844385966e-01 -7.847982016650454362e-01 -6.730326074756158850e-01 -5.326409615200071723e-01 -3.660254037844385966e-01 -1.760367726563247803e-01 3.407417371093157676e-02 2.607123787712276597e-01 5.000000000000001110e-01 7.478427598549616251e-01 9.999999999999998890e-01 1.252157240145038042e+00 1.499999999999999778e+00 1.739287621228771563e+00 1.965925826289067757e+00 2.176036772656324558e+00 2.366025403784438375e+00 2.532640961520006950e+00 2.673032607475615663e+00 2.784798201665045436e+00 2.866025403784438375e+00 2.915324393885097010e+00 2.931851652578136402e+00
-9.828897227476207643e-01 -9.659258262890682012e-01 -9.153243938850972317e-01 -8.319512300735067978e-01 -7.172328728025219036e-01 -5.731321849709860583e-01 -4.021147692999558210e-01 -2.071067811865474617e-01 8.555138626189395801e-03 2.411809548974791495e-01 4.867903754148587003e-01 7.411809548974790385e-01 9.999999999999998890e-01 1.258819045102520739e+00 1.513209624585141189e+00 1.758819045102520295e+00 1.991444861373810049e+00 2.207106781186547462e+00 2.402114769299955377e+00 2.573132184970985836e+00 2.717232872802521904e+00 2.831951230073507020e+00 2.915324393885097010e+00 2.965925826289068201e+00 2.982889722747620986e+00
-1.000000000000000000e+00 -9.828897227476207643e-01 -9.318516525781366244e-01 -8.477590650225734770e-01 -7.320508075688774152e-01 -5.867066805824703302e-01 -4.142135623730951455e-01 -2.175228580174413118e-01 -2.220446049250313081e-16 2.346331352698203254e-01 4.823619097949585210e-01 7.389476155598966312e-01 9.999999999999998890e-01 1.261052384440103147e+00 1.517638090205041257e+00 1.765366864730179008e+00 1.999999999999999556e+00 2.217522858017441312e+00 2.414213562373094923e+00 2.586706680582469886e+00 2.732050807568877637e+00 2.847759065022573477e+00 2.931851652578136402e+00 2.982889722747620986e+00 3.000000000000000000e+00
