3.000000000000000000e+00 2.931851652578136402e+00 2.732050807568877637e+00 2.414213562373094923e+00 2.000000000000000000e+00 1.517638090205041479e+00 1.000000000000000222e+00 4.823619097949587431e-01 4.440892098500626162e-16 -4.142135623730949234e-01 -7.320508075688774152e-01 -9.318516525781364024e-01 -1.000000000000000000e+00 -9.318516525781366244e-01 -7.320508075688776373e-01 -4.142135623730958116e-01 -8.881784197001252323e-16 4.823619097949587431e-01 9.999999999999996669e-01 1.517638090205040591e+00 2.000000000000000000e+00 2.414213562373094923e+00 2.732050807568876749e+00 2.931851652578136402e+00 3.000000000000000000e+00
2.931851652578136402e+00 2.866025403784438819e+00 2.673032607475615663e+00 2.366025403784438819e+00 1.965925826289068645e+00 1.500000000000000000e+00 1.000000000000000222e+00 5.000000000000002220e-01 3.407417371093213188e-02 -3.660254037844385966e-01 -6.730326074756158850e-01 -8.660254037844385966e-01 -9.318516525781366244e-01 -8.660254037844388186e-01 -6.730326074756161070e-01 -3.660254037844394848e-01 3.407417371093079961e-02 5.000000000000002220e-01 9.999999999999996669e-01 1.499999999999999112e+00 1.965925826289068645e+00 2.366025403784438375e+00 2.673032607475615219e+00 2.866025403784438375e+00 2.931851652578136402e+00
2.732050807568877637e+00 2.673032607475615663e+00 2.500000000000000000e+00 2.224744871391589385e+00 1.866025403784438819e+00 1.448287736084026722e+00 1.000000000000000000e+00 5.517122639159734998e-01 1.339745962155616255e-01 -2.247448713915889407e-01 -5.000000000000002220e-01 -6.730326074756158850e-01 -7.320508075688774152e-01 -6.730326074756158850e-01 -5.000000000000004441e-01 -2.247448713915898288e-01 1.339745962155605152e-01 5.517122639159734998e-01 9.999999999999996669e-01 1.448287736084026056e+00 1.866025403784438819e+00 2.224744871391588941e+00 2.499999999999999556e+00 2.673032607475615663e+00 2.732050807568877637e+00
2.414213562373094923e+00 2.366025403784438819e+00 2.224744871391589385e+00 2.000000000000000000e+00 1.707106781186547684e+00 1.366025403784438597e+00 1.000000000000000000e+00 6.339745962155615144e-01 2.928932188134527603e-01 0.000000000000000000e+00 -2.247448713915891627e-01 -3.660254037844385966e-01 -4.142135623730951455e-01 -3.660254037844388186e-01 -2.247448713915893848e-01 -6.661338147750939243e-16 2.928932188134517611e-01 6.339745962155615144e-01 9.999999999999997780e-01 1.366025403784437930e+00 1.707106781186547684e+00 1.999999999999999778e+00 2.224744871391588497e+00 2.366025403784438375e+00 2.414213562373094923e+00
2.000000000000000000e+00 1.965925826289068645e+00 1.866025403784438819e+00 1.707106781186547684e+00 1.500000000000000222e+00 1.258819045102520739e+00 1.000000000000000000e+00 7.411809548974792605e-01 5.000000000000001110e-01 2.928932188134524273e-01 1.339745962155610703e-01 3.407417371093157676e-02 -2.220446049250313081e-16 3.407417371093146574e-02 1.339745962155609593e-01 2.928932188134519832e-01 4.999999999999994449e-01 7.411809548974792605e-01 9.999999999999997780e-01 1.258819045102520295e+00 1.500000000000000222e+00 1.707106781186547462e+00 1.866025403784438597e+00 1.965925826289068201e+00 2.000000000000000000e+00
1.517638090205041479e+00 1.500000000000000000e+00 1.448287736084026722e+00 1.366025403784438597e+00 1.258819045102520739e+00 1.133974596215561403e+00 1.000000000000000000e+00 8.660254037844387076e-01 7.411809548974793715e-01 6.339745962155614034e-01 5.517122639159732778e-01 5.000000000000001110e-01 4.823619097949585210e-01 5.000000000000000000e-01 5.517122639159731667e-01 6.339745962155611814e-01 7.411809548974790385e-01 8.660254037844387076e-01 9.999999999999998890e-01 1.133974596215561181e+00 1.258819045102520739e+00 1.366025403784438597e+00 1.448287736084026500e+00 1.499999999999999778e+00 1.517638090205041479e+00
1.000000000000000222e+00 1.000000000000000222e+00 1.000000000000000000e+00 1.000000000000000000e+00 1.000000000000000000e+00 1.000000000000000000e+00 1.000000000000000000e+00 1.000000000000000000e+00 9.999999999999998890e-01 9.999999999999998890e-01 9.999999999999998890e-01 9.999999999999998890e-01 9.999999999999998890e-01 9.999999999999998890e-01 9.999999999999998890e-01 9.999999999999998890e-01 9.999999999999998890e-01 1.000000000000000000e+00 1.000000000000000000e+00 1.000000000000000000e+00 1.000000000000000000e+00 1.000000000000000000e+00 1.000000000000000000e+00 1.000000000000000222e+00 1.000000000000000222e+00
4.823619097949587431e-01 5.000000000000002220e-01 5.517122639159734998e-01 6.339745962155615144e-01 7.411809548974792605e-01 8.660254037844387076e-01 1.000000000000000000e+00 1.133974596215561181e+00 1.258819045102520517e+00 1.366025403784438375e+00 1.448287736084026500e+00 1.499999999999999778e+00 1.517638090205041257e+00 1.499999999999999778e+00 1.448287736084026722e+00 1.366025403784438597e+00 1.258819045102520739e+00 1.133974596215561181e+00 1.000000000000000000e+00 8.660254037844389297e-01 7.411809548974792605e-01 6.339745962155616255e-01 5.517122639159736108e-01 5.000000000000003331e-01 4.823619097949587431e-01
4.440892098500626162e-16 3.407417371093213188e-02 1.339745962155616255e-01 2.928932188134527603e-01 5.000000000000001110e-01 7.411809548974793715e-01 9.999999999999998890e-01 1.258819045102520517e+00 1.499999999999999556e+00 1.707106781186547018e+00 1.866025403784438375e+00 1.965925826289067757e+00 1.999999999999999556e+00 1.965925826289067757e+00 1.866025403784438375e+00 1.707106781186547462e+00 1.500000000000000222e+00 1.258819045102520517e+00 1.000000000000000222e+00 7.411809548974798156e-01 5.000000000000001110e-01 2.928932188134529824e-01 1.339745962155619585e-01 3.407417371093235392e-02 4.440892098500626162e-16
-4.142135623730949234e-01 -3.660254037844385966e-01 -2.247448713915889407e-01 0.000000000000000000e+00 2.928932188134524273e-01 6.339745962155614034e-01 9.999999999999998890e-01 1.366025403784438375e+00 1.707106781186547018e+00 1.999999999999999778e+00 2.224744871391588941e+00 2.366025403784438375e+00 2.414213562373094923e+00 2.366025403784438375e+00 2.224744871391589385e+00 2.000000000000000444e+00 1.707106781186548128e+00 1.366025403784438375e+00 1.000000000000000222e+00 6.339745962155620695e-01 2.928932188134524273e-01 3.330669073875469621e-16 -2.247448713915884966e-01 -3.660254037844381525e-01 -4.142135623730949234e-01
-7.320508075688774152e-01 -6.730326074756158850e-01 -5.000000000000002220e-01 -2.247448713915891627e-01 1.339745962155610703e-01 5.517122639159732778e-01 9.999999999999998890e-01 1.448287736084026500e+00 1.866025403784438375e+00 2.224744871391588941e+00 2.500000000000000000e+00 2.673032607475615663e+00 2.732050807568877637e+00 2.673032607475615663e+00 2.500000000000000444e+00 2.224744871391589829e+00 1.866025403784439485e+00 1.448287736084026500e+00 1.000000000000000222e+00 5.517122639159739439e-01 1.339745962155610703e-01 -2.247448713915889407e-01 -4.999999999999995559e-01 -6.730326074756156629e-01 -7.320508075688774152e-01
-9.318516525781364024e-01 -8.660254037844385966e-01 -6.730326074756158850e-01 -3.660254037844385966e-01 3.407417371093157676e-02 5.000000000000001110e-01 9.999999999999998890e-01 1.499999999999999778e+00 1.965925826289067757e+00 2.366025403784438375e+00 2.673032607475615663e+00 2.866025403784438375e+00 2.931851652578136402e+00 2.866025403784438375e+00 2.673032607475615663e+00 2.366025403784439263e+00 1.965925826289069089e+00 1.499999999999999778e+00 1.000000000000000444e+00 5.000000000000008882e-01 3.407417371093157676e-02 -3.660254037844381525e-01 -6.730326074756152188e-01 -8.660254037844381525e-01 -9.318516525781364024e-01
-1.000000000000000000e+00 -9.318516525781366244e-01 -7.320508075688774152e-01 -4.142135623730951455e-01 -2.220446049250313081e-16 4.823619097949585210e-01 9.999999999999998890e-01 1.517638090205041257e+00 1.999999999999999556e+00 2.414213562373094923e+00 2.732050807568877637e+00 2.931851652578136402e+00 3.000000000000000000e+00 2.931851652578136402e+00 2.732050807568877637e+00 2.414213562373095812e+00 2.000000000000000888e+00 1.517638090205041257e+00 1.000000000000000444e+00 4.823619097949594092e-01 -2.220446049250313081e-16 -4.142135623730947014e-01 -7.320508075688767491e-01 -9.318516525781361803e-01 -1.000000000000000000e+00
-9.318516525781366244e-01 -8.660254037844388186e-01 -6.730326074756158850e-01 -3.660254037844388186e-01 3.407417371093146574e-02 5.000000000000000000e-01 9.999999999999998890e-01 1.499999999999999778e+00 1.965925826289067757e+00 2.366025403784438375e+00 2.673032607475615663e+00 2.866025403784438375e+00 2.931851652578136402e+00 2.866025403784438819e+00 2.673032607475616107e+00 2.366025403784439263e+00 1.965925826289069089e+00 1.499999999999999778e+00 1.000000000000000444e+00 5.000000000000008882e-01 3.407417371093146574e-02 -3.660254037844383745e-01 -6.730326074756152188e-01 -8.660254037844383745e-01 -9.318516525781366244e-01
-7.320508075688776373e-01 -6.730326074756161070e-01 -5.000000000000004441e-01 -2.247448713915893848e-01 1.339745962155609593e-01 5.517122639159731667e-01 9.999999999999998890e-01 1.448287736084026722e+00 1.866025403784438375e+00 2.224744871391589385e+00 2.500000000000000444e+00 2.673032607475615663e+00 2.732050807568877637e+00 2.673032607475616107e+00 2.500000000000000888e+00 2.224744871391590273e+00 1.866025403784439707e+00 1.448287736084026722e+00 1.000000000000000222e+00 5.517122639159739439e-01 1.339745962155609593e-01 -2.247448713915889407e-01 -4.999999999999997780e-01 -6.730326074756158850e-01 -7.320508075688776373e-01
-4.142135623730958116e-01 -3.660254037844394848e-01 -2.247448713915898288e-01 -6.661338147750939243e-16 2.928932188134519832e-01 6.339745962155611814e-01 9.999999999999998890e-01 1.366025403784438597e+00 1.707106781186547462e+00 2.000000000000000444e+00 2.224744871391589829e+00 2.366025403784439263e+00 2.414213562373095812e+00 2.366025403784439263e+00 2.224744871391590273e+00 2.000000000000000888e+00 1.707106781186548572e+00 1.366025403784438597e+00 1.000000000000000222e+00 6.339745962155618475e-01 2.928932188134519832e-01 -2.220446049250313081e-16 -2.247448713915893848e-01 -3.660254037844390407e-01 -4.142135623730958116e-01
-8.881784197001252323e-16 3.407417371093079961e-02 1.339745962155605152e-01 2.928932188134517611e-01 4.999999999999994449e-01 7.411809548974790385e-01 9.999999999999998890e-01 1.258819045102520739e+00 1.500000000000000222e+00 1.707106781186548128e+00 1.866025403784439485e+00 1.965925826289069089e+00 2.000000000000000888e+00 1.965925826289069089e+00 1.866025403784439707e+00 1.707106781186548572e+00 1.500000000000000888e+00 1.258819045102520739e+00 1.000000000000000222e+00 7.411809548974794826e-01 4.999999999999994449e-01 2.928932188134519832e-01 1.339745962155608483e-01 3.407417371093102165e-02 -8.881784197001252323e-16
4.823619097949587431e-01 5.000000000000002220e-01 5.517122639159734998e-01 6.339745962155615144e-01 7.411809548974792605e-01 8.660254037844387076e-01 1.000000000000000000e+00 1.133974596215561181e+00 1.258819045102520517e+00 1.366025403784438375e+00 1.448287736084026500e+00 1.499999999999999778e+00 1.517638090205041257e+00 1.499999999999999778e+00 1.448287736084026722e+00 1.366025403784438597e+00 1.258819045102520739e+00 1.133974596215561181e+00 1.000000000000000000e+00 8.660254037844389297e-01 7.411809548974792605e-01 6.339745962155616255e-01 5.517122639159736108e-01 5.000000000000003331e-01 4.823619097949587431e-01
9.999999999999996669e-01 9.999999999999996669e-01 9.999999999999996669e-01 9.999999999999997780e-01 9.999999999999997780e-01 9.999999999999998890e-01 1.000000000000000000e+00 1.000000000000000000e+00 1.000000000000000222e+00 1.000000000000000222e+00 1.000000000000000222e+00 1.000000000000000444e+00 1.000000000000000444e+00 1.000000000000000444e+00 1.000000000000000222e+00 1.000000000000000222e+00 1.000000000000000222e+00 1.000000000000000000e+00 1.000000000000000000e+00 9.999999999999998890e-01 9.999999999999997780e-01 9.999999999999997780e-01 9.999999999999996669e-01 9.999999999999996669e-01 9.999999999999996669e-01
1.517638090205040591e+00 1.499999999999999112e+00 1.448287736084026056e+00 1.366025403784437930e+00 1.258819045102520295e+00 1.133974596215561181e+00 1.000000000000000000e+00 8.660254037844389297e-01 7.411809548974798156e-01 6.339745962155620695e-01 5.517122639159739439e-01 5.000000000000008882e-01 4.823619097949594092e-01 5.000000000000008882e-01 5.517122639159739439e-01 6.339745962155618475e-01 7.411809548974794826e-01 8.660254037844389297e-01 9.999999999999998890e-01 1.133974596215560959e+00 1.258819045102520295e+00 1.366025403784437930e+00 1.448287736084025834e+00 1.499999999999999112e+00 1.517638090205040591e+00
2.000000000000000000e+00 1.965925826289068645e+00 1.866025403784438819e+00 1.707106781186547684e+00 1.500000000000000222e+00 1.258819045102520739e+00 1.000000000000000000e+00 7.411809548974792605e-01 5.000000000000001110e-01 2.928932188134524273e-01 1.339745962155610703e-01 3.407417371093157676e-02 -2.220446049250313081e-16 3.407417371093146574e-02 1.339745962155609593e-01 2.928932188134519832e-01 4.999999999999994449e-01 7.411809548974792605e-01 9.999999999999997780e-01 1.258819045102520295e+00 1.500000000000000222e+00 1.707106781186547462e+00 1.866025403784438597e+00 1.965925826289068201e+00 2.000000000000000000e+00
2.414213562373094923e+00 2.366025403784438375e+00 2.224744871391588941e+00 1.999999999999999778e+00 1.707106781186547462e+00 1.366025403784438597e+00 1.000000000000000000e+00 6.339745962155616255e-01 2.928932188134529824e-01 3.330669073875469621e-16 -2.247448713915889407e-01 -3.660254037844381525e-01 -4.142135623730947014e-01 -3.660254037844383745e-01 -2.247448713915889407e-01 -2.220446049250313081e-16 2.928932188134519832e-01 6.339745962155616255e-01 9.999999999999997780e-01 1.366025403784437930e+00 1.707106781186547462e+00 1.999999999999999556e+00 2.224744871391588497e+00 2.366025403784437930e+00 2.414213562373094923e+00
2.732050807568876749e+00 2.673032607475615219e+00 2.499999999999999556e+00 2.224744871391588497e+00 1.866025403784438597e+00 1.448287736084026500e+00 1.000000000000000000e+00 5.517122639159736108e-01 1.339745962155619585e-01 -2.247448713915884966e-01 -4.999999999999995559e-01 -6.730326074756152188e-01 -7.320508075688767491e-01 -6.730326074756152188e-01 -4.999999999999997780e-01 -2.247448713915893848e-01 1.339745962155608483e-01 5.517122639159736108e-01 9.999999999999996669e-01 1.448287736084025834e+00 1.866025403784438597e+00 2.224744871391588497e+00 2.499999999999999112e+00 2.673032607475614775e+00 2.732050807568876749e+00
2.931851652578136402e+00 2.866025403784438375e+00 2.673032607475615663e+00 2.366025403784438375e+00 1.965925826289068201e+00 1.499999999999999778e+00 1.000000000000000222e+00 5.000000000000003331e-01 3.407417371093235392e-02 -3.660254037844381525e-01 -6.730326074756156629e-01 -8.660254037844381525e-01 -9.318516525781361803e-01 -8.660254037844383745e-01 -6.730326074756158850e-01 -3.660254037844390407e-01 3.407417371093102165e-02 5.000000000000003331e-01 9.999999999999996669e-01 1.499999999999999112e+00 1.965925826289068201e+00 2.366025403784437930e+00 2.673032607475614775e+00 2.866025403784437930e+00 2.931851652578136402e+00
3.000000000000000000e+00 2.931851652578136402e+00 2.732050807568877637e+00 2.414213562373094923e+00 2.000000000000000000e+00 1.517638090205041479e+00 1.000000000000000222e+00 4.823619097949587431e-01 4.440892098500626162e-16 -4.142135623730949234e-01 -7.320508075688774152e-01 -9.318516525781364024e-01 -1.000000000000000000e+00 -9.318516525781366244e-01 -7.320508075688776373e-01 -4.142135623730958116e-01 -8.881784197001252323e-16 4.823619097949587431e-01 9.999999999999996669e-01 1.517638090205040591e+00 2.000000000000000000e+00 2.414213562373094923e+00 2.732050807568876749e+00 2.931851652578136402e+00 3.000000000000000000e+00
